$ANSIBLE_VAULT;1.1;AES256
30333466663433373335393862656564326235303833623362663362313330383736386664363664
6563623265383864333236313663396263646464623665380a653033623439303563386336356564
35643034643530323330633632626337623865326537613432613130343438313439373638613466
6432306132653431380a336463313531636234323233363637313961306363376637363631363036
35383231376233656530643666653062623931333861386166616231663136326630663934343332
36346637613763353464333864306233653364363333663932303432666162323266643232343438
38636665366534313036366463336631663132396364643530646564333034623138343034336466
33323065306336643439316639616631313030313763363431363733643766376534336363396530
61346264303238643230653832616337313635373266353730303563326466653865353831303566
37383863663636623236626634373839313332656263636637333162386637336239623561323762
62613864326338653235396339303631326462666534626635373031653630376164626637366131
31663834343961383763313636326638333165393063653138643261386332623335646461303838
61623039653136396537646566653531373139316563333762663766383139623431656262366130
6130303239623934613963653931306237663062626361353565
