$ANSIBLE_VAULT;1.1;AES256
62663561666434306362376466343635306337653537366635303232626234653735366536336531
3661623135643363346638336161336364613739383137370a623134366564343830393665653139
38643531613366363962313837633930383338663733366564313435356166333562323732633966
3366376561636330630a313637393135393065343330616330353662326439643939643061363636
32333763666630366666636539626331316364353562373366336437666364336534306539383235
35326330613338346434346339373630393431313432643636383335343430373564386163373635
64353661613265643762376465363736626435393833653138386333356335376637663165383665
35663030663535333134613231656637623731343937646432313135346561373737333165373664
66656463626232383934616332346361663533363335643736633563623636316565353135393933
63373438333663626635353464356162386463363062373131643465363233636433356338366132
38616538613862383939653861643234613131623363373236333830613039383938313231313131
66613362346463326631346264313831383038616331663330353838613936326236336537303938
39373335613366613032383931613065666538613931633437383538383235386637323632343761
63336463666138336431643061616334353035333964626264393966363465636534666331393033
34323339656232373031366534363563333166616134336137396562333239336538396566313363
36333335636431396135656462613366613130306463366232333338626565393663313861666661
62323064366464383634663131653538386337336630313433633363323166366531613030623561
32636530316662666335333362663839346466393462363435643262393965633862346366376533
37653066393264616365333431643961393039303764316566633236643562613338663865313963
33373638363766666236343033303531386464646166303232623936336639636430303239303232
31336137303632643130656536353733623631366663363465396438386565636561343032316539
31623531626662393961343932353837666630373762636234366331363234663339636465653463
35666562376234316465326632346138626264383461653164336132626437313130353931373061
35626132393564643731
