$ANSIBLE_VAULT;1.1;AES256
66663734643834393934373761636662393466663634636435333331326130323531383339313161
3665626463633831656338383933383632363037306264350a333861646432623363373464373039
32343634656165663761363631323334386262356330303363633965653235343064396163393733
3162636565386535640a373133306138303536653131386530653533333732376135383735633063
36396264306230633839396633346331373238353865326461363065356563306138363265616536
64633633393839633466366330396262653965663130613263656239316333343134303937353164
62323937343931623031303533336466373436656164653337383632626538373537636132636538
37353231613636626438343532376336383031353636303833373262643930303461653135646336
38646539376333356465383636346363383739653561356330333237343433326265646664616337
31303966623138323338623639643039376531333030396364636138383432313130633236306137
39396565656439623964363861353637323833333631313063373530383432346534383239616336
38613964636533626339653462343165373837386337346462323563656363663537386434616565
34373035346261663637383262376364663662656430373039303734323964663461326666653334
34643063363830313330353638373262616235396431313537346237366565336236663666616436
37373431323164656463343137383631313334393631353361666231376562343930663566316563
65663861316137666436313436356561373838616134663731336536316233313966353036643736
30363336333464653335613832636430656662623962383561366336326338613930616665306134
36643632313861646235343337373031303236393736323638343133303130346630646466633363
37383037356430663564636264373636653231396561386331613637393362373634323738313966
30353062343564323637333538626537633430633162373732653263633737373835313864306365
39656631663763663430326130323733346535613762336236356633323966316330666237656637
64386333613038366330623932613632303838623333363734366131646137333562333834323566
31303336646264656434386134616361623235333066316534306537366430613438353037643866
62663630393835363134663532336661616235313539356461653363346136306132653031623736
62396130643065643561386536336436356262636336326263363431303461356538623830383062
33623630316432336331613435376430666434356637373438353462386262663766373634386161
32633930336331333630303334333034316132653536626361363836363065306130393738316364
30653365343465316135323066613639653565333066326263356264353663636438376531363930
32643434633439636563663138373830363537353630663538393531323232383233363536353238
63313233303664653836616634346336633237323632386630346530356532313736343764393935
66313961326163343730343634396165333638303031323830616437393830326436343039633365
38393262303966643632376164636465636265623138653238356237373866383566306632656664
61656532626232343935613234313463303039363732396134633134336364616564396666366435
64306131366663376337346361396663653033666233306534663834393931373761336266313862
64663333323561633361356537333535363865643234396364306362306162646438623637323133
33373766636539366462623432343838653035616262373536643939633433396237653735323666
36386436643136636463386263616265626631316635376164356666633834636636336563373163
62343533353863393530353761396339366230396536353235663466393836656132373538643761
30303733353335653230363363666564666339643265386639373533613333326332653639653538
32363238643662343432653539643261343034373831303439646666643930636634393133363435
6534
