$ANSIBLE_VAULT;1.1;AES256
38643863303331396161303634373730383334636364396363313832623362313930323133316137
3234343862383531396163393139326237626539613932300a326638316332336261306636393534
37323335303466636533323330656538396262366330616339343333353961396130616339356337
6666653235643661350a386365313362383236356237393264666233616333343039336238333566
64323562653432333762346235643838333461356561656461626264346237343165393666336230
39383931393232366132346638356461353532663265623539643139306236616232343732663064
35666266633762336138376563343265303263343730373436646137343032303033343561343134
35343431383730373261383136343736313833326338653963616466323339366661316566383836
61663635303234323162633365353665306431383238303161343434636639633732336535663634
38363236636662333132353665333839623462643562653231316264396336336566343664623034
32336663303761643032313935626236356431633036316536633165363333373636366364666539
65303335306133396536396665613038316331353238386362613864383064613463323362616264
31316161323034353432316633303765306332363335633961363465336536363335613863613233
65316562353133333631626132643839313563356231383933376634383465323266313630636332
65393563316532643231383138323265306636626361373333323865333838633762643830633564
64633164616666383661623533356333313134616233333432373031386130376363633137336161
61393530363362613934303963303466306534613539316330303238626161383939633234313637
37373766353034323261626630636463346161646539326438633535323336653861653234363934
38326430323133643837396339316438306235653765313531343731333966316565623739303365
62376231373062323764353561643936303734373163363861333235663835393433386534613235
62326463313730616465386163386532643263643739653338656438323739393761303034336630
33656466653033623466323864383161646132643936613966303766346165323132353561633933
64343466646335633461353864376439616566323762326466663865323137343237643062616334
35323431646139626237393235343561636339326431336136303965613232306434376632363332
61303963316461303834383934383963633966613665613437326264313733646366633766366163
33623865333335303061646264643335643534646333376233336662356465393638313063616361
38343038323234326165323463633361303331316631383237333332356364333864633838343732
39353362646530383136363330636662623730626238343365333332373262313166346164663963
36333832333735383139333265653566363136393535356533333163643462643066353966323132
66653332343036323733313736336536303634663833303562306535666134646332333661346332
64663531343963636130653331646133333033653131386565303234323036373738626338663733
64643236323836653162386162363239643363666261343434383133656263366463353736303863
66313332613265393236663261393161393632616561386464303362333664303239303863336166
35663166623062643234363063316134313763323739393833633137306130353835306565623061
64323637313666333135343362303435376531353838346535313034613235633330313162333966
39376431313433323738323166643331616237323734353236353364653337373365373233343430
30353737353337316361656234333932343035303933646565353039313236316565333639316132
61323362306436313062653138373038313434306166353536646630633230323761353865386334
64363561393364633466303466653031353737343939313531373733623961633736306130633664
66373933316534303834643465386536646238373631373039666132656538666539633266373533
31373962383266363066363132333436653930336135623833396264363463313663363639313333
65373062333762643739653733333436353530333562373731326666393435333461306265666564
36316338646562613561323765633666303830646531643531343264383435393935383365316566
35326230616166333664663363653737653130383438306561663066656161653038623266323934
35313631386133303036616164616363623935343662313164663766633131656137356237363464
36326165326632623131623066386235353735376236616665363630623164626666333332373263
61643831613763613563653166333161343461343532356630623733356439303762353361626664
39626433613763643965643464363030643235356562316463316235656633656138353566376239
34386432663966653961383739303961373933373564666433363338653935343564396365313033
34643030646664343739636637343666323036373566336462656565613736313861373236643130
64313832363437636134393739333963303362316335373238353037306433643633373663333834
35313336313163313761613830633738646663323234366339393632386138353366356566653063
65323764323531666530303038666232333261366236323231636663306332643733613732353439
31656361333038633065376161623366376238643730333833353763636535306435316631346633
30333938666164356334386536646562316262623936386561366538366365393236636661626232
63323631633362303436613566336532336161366561373331643861306532306432616661656539
36386538613831386362366162663139353739653864306366383361396264366532626263383132
63386535303534353238643466663366653864386162366536633863653138313231353730633265
32376633656330336465336463636339316138613836356265616133373863306138316661653435
31336533393564663530313439303338356435353030653261343631393265646631636662643539
38623031353432613835656231356638343163633935323665306261326234386537393061373935
63626564663337623062386535373766383366396132626138396662303136323262383563646432
61343662383530636238343938383465306139373061313834383834353466663030653466633230
64326330396364666237643236333061333734326531396133663431316366366430396661633064
33613363396166363737363363653065653464303930623064363236366461666664316666376462
39373932303762353838633066383130326264396435343732656431343763383861393938633732
63393839616539643166353339663739333161303031376263383536353361343039666434636531
63396462373262366237356165333732393463616333616661616562623630316634653963323964
32343461363438353562316533653662633139373131613064646662363936636566613730396430
64336333306638353765626635666238613934376437656634636436623665663965653362643636
33343262313236643238656362643133313833383234326538653834346562396464616261616261
34326436366163633161396230656434323234663165393738303935346437663363306437343962
39656531633431333038306362616263653561376166356366386230356564306336633739616166
38616136303065316533653535353838356461316164326336613536333435346563376335353634
30323462303765363166663666363365626161323664323932303130633135356331666563393034
32386363633035313966633761623837393337356464373165633330363566373739346632623263
34333530353733653766643930383234376134613033303837666262646131373335613161303864
31316636653739363066393534653264366162616632373661346363613137303834316530303063
64656539363565373463376535313066626338373264663238346434323833353839613361303661
35663432353430356261333665383132343838653238336333616535633938376264333636646162
62303863326333333262666265663030613066373362646237343462633038393333646333393034
30663338353662303535653765303731653666373731393332393632373937333635653232306238
33326530386265336361656538643866393365626132353362636636663835323966346162643661
62626636623632363664393861663561393661306663353737303334663934373332613034323730
61343038356463623431323163366161666439613033653931666130373639363330386436323763
62613034376238663130663636323431343564656337343861316237656631343038646265343330
64623863303333613235343335613830333230373231323932373962346161313332303436376230
61376566613461653164313462356335643732653561663639323138663037343662626165313534
62626230343532333330396565393261363564636336353765356633313663366265313462303964
30383933396266343266313065343931636462383431343035346364356634383363333063366532
37346264616465316130336336373162633565303935613763616633323138396166386566366435
30663965623965393733366534326435643738383130363564343633383966666366383233616466
39333466343339613861333036613138623165386261316337343938616431306636613865326265
38623862626235643932366263323161623961303661623932656163383566663138376631346239
32663562346139383233313965333362353663346639333766613161396139663864313038623830
63303532663437313965623465333936326637356533636132663562393562633431306238333464
39623564383463333866383239643231396633313633663934646666323665643831346161376434
62303333333638343839643062623334303434313766343634376161343232393933346162616633
63333665653137643462386435343963393936646336343233313762323338643930323364353664
35306337396131353761663162356235313932356561373931353136323233376330613336383264
61343938666637626538343262376635643563636665356464346130393039616162643234333464
38383731323639633236386461396661656466393833383463373432333664356561626562356531
39303236353763363230666636306434613863363036643265636665616335313262323435633230
61346161396262636236363634366363383033363537386335656634343865333938653439356266
38303833323262383432323366613363333563313731313134323338663335646337343735666462
31346430316433353332393761303832373635653135613536643939393061373439313565636565
35646166346464323462633030366566666662303238393434306665313634353737643864633534
64656432346132313866316565363936366532626331373666323533633166313136373639646639
30613166616334343539366336393238323135323433366631643366653031663164316139333238
38613532333566633766383362653932383634323538633737336538643862613238626563643238
30623733376663393232393562623433633665323835333163333634653764333633643764346537
66376165326133393133353962396461663666343665393735653263663630376566623665323336
66313462343966316136373938313634333039653266623866323038353639663865306234336238
61333465326338386635326531303162343764636164666465663066316462353438313138326634
32623539353237356462363863376232373964653666363732363533353031626466333938636362
33663730613161656536643935393663363133346531663561326265613665313562643630633466
62383438613733393563623765353666353930663939396634656333396439346262633266333339
37643433333063386465303632393832623265616130386365363138313861393336363163353235
32353731666332386462343333383563323333653738643033653765643239383137623534333132
63303965333530373032353139333431376134633237366332363438363836346362663434643266
37653133383039646435623433313538656135323464396539363432323232643230653865376437
63633861303038663933323135643832636565646139656135326563333661363239613965313561
36376533386535363431356534613637373265666665636162336235653963623432373039383636
33333237653632656337356233616366393334656462633237376365323135323865356635326661
61653165316332333561313861353863663766323437376333393762333238366235383564363230
33303730626435316663333565306134323462386633353732313365663935663731656666373231
39306138646266323432306366653565326335346632356136616439303939636465376664653032
30333537363133313535646232393739313362633734666562633466333531613032376164313466
35656635393139346532306162363833383862383866333037333362373461333039363431396533
37356332383262323962383235616564383033343931666361616330333835373863373061633834
65303566653562376239646532333730633338346563343939366433623337383430373132396461
64376538656261333661613964636231356234303836306133303866366434626164336364316234
66333961396234633339313332656666376631363438313065303831343837643635666266383031
30623630313030636362383738643064633938356462363633343738313736366134613363393632
663834633863633661303266633632623132
