$ANSIBLE_VAULT;1.1;AES256
31316562623763333666383230323235336166323537323665323364626164653766633239313038
3931633664373663336138346666653436303434636333620a636336633835636431313930633134
38616130396565356535646337356333623337663364396339653337623564363266393231383666
3964613934666530380a623434376563653436306331336164666438393365303364336562373932
61616339363036343635366338666134373330313638633134613364653032653430623539333964
38306166336139306662613137643939643263393761646562633632646666336533306261313738
66313231363131363966633334396435363130383433306562666663633334336236386363386537
35383136643631353139613264623237373464376461633032336466306165373632393061366639
33646136336536633266373138383663313163356235303661663830653736646366306634633331
62353230363938366463356162633739343631353138386130616434623361666234633563386232
63626563663065663066386231326264623934393030636264373962616337326631393837373430
38303932353562653837353862623138623437356336396364363530313837336566633735383863
65616265333435383865326632376661333165326534643563383566656530346238653466363535
33653866616233623864306335613833666335323430323763343134653361336537653061653262
38393633613565623035633962323837303533373836626164383463363737616139373937656535
33366236626435656462666233636339616635663139643238316162346135306534386566666532
65653464316664316130656166623237303535626139313438646436313066643839306565373337
66616433633235623438663537313932613930343934316434303639633562376162656666656132
37373936313662393033373061303138316662636463333733376163326266643561653761376438
34313934386237316662333435656431643835336135656161383432663939643862656438373663
34616462396635616633346233323635626538653365653538393238386539663863333034623761
64313865643039303439346132643137383734623734646337646639633764663332346336303736
61303563346131353436633939663037333138393061363765383263643336376534303563373161
66386632646565316261323061383538343266373361383538356137316135326263343464353239
3965
