$ANSIBLE_VAULT;1.1;AES256
65353262366639666362393062396437653136666231626464313762653635323866383030666462
6137363535323539383463356532366334646634326435640a346337323966626362376466653964
39663166643737643365306637643964643635383163336339643762336235656664333231646337
6465666662336232320a356366623734383131373130323636613936646631623034363262366261
63616239326665653465336163326230643035336462646639303538376162383362303534653735
37633938646139653166303931653938346361313265303562346237306266313939316639313634
37323233633337326232356137643864386134393164643335613830393362386535656162643530
30313131326264623061383930303431386562356330363266336237616338653132386464653361
31366661663635373437313136666361303263303362396137613738353261386233633962326262
34356237313439356161383266656439623434666364343964653236306230326430326630393331
62323337343434376239623737626430653165323936613032326562626231313033666232623034
31343931356135313463386538316635303739336263663137303662313933313434623063363466
31306238316332346234303033393936396636333436326237663532393830666362366335393239
66353839393265656535626132613032313138363462646532663162316531343136303731313235
65393364393631326630653834653434393964376166333532663664613266323332323864643863
34363539346532386532373436353831383866393761376136323062323137373865393065646132
66303437643765353765393637383234383336336665646365623165643637313739653163373632
30363062616435646464356532303634663162636466393336376236366133373534633663373838
30336630353035323336383934393335653661353663306365663535616165356234376262623137
33656231396130323563306338663334646136326361343138306463356565343932356531353562
34316539343838353739346665346432343836343963616431356538396266343335643733643536
31363566333864623935663836663432636633303261363165663331306635643733306638393631
63336632626230633063366164356632303466333432336433346439336637363662393230623834
62363036373834666437616335343736303665663230303830303564643336386536656637333666
31303034356661646636613135323038353730303066623566383335333234316432626561633732
61303530633932373837613231366663303234636266333835326331336661316466663961356265
32333630383033646631643461363839376533376337353533336138633263383562313436316665
39383238366463356230363166396231373233303533306164616661356432623830643363376131
33633333323138356363643164666237383963316537656631326236393636633166636536613934
66363437343465386566623465626237636136656433336133303938373064396339633631306665
64663531623932353064393863396633333965393462653337316166323330336262393836366662
32313462653930363465636135373962316430643462646233366637353135306161336333633331
65323563663533376133663536356465306465316637663761666164666534333035383865396337
35343763373938363336326139643631306566373931303930303039613337303432303937353036
31623238306635626234356365663533363762636133343463393832396332623532346666643365
32326461613436323435333866633934383036623738323338626430613838373733313336636135
65613431643732396464613364643233323564353363313431663934653735383038626435313330
37373738353437303961303964666362633138343661623138366539303163616435323133363438
37613739373136323562653434376364633565313132613465616461373963653435353737396330
32373163346466366130383239313131323731383464626537326362303733376632636338663335
30343739616565356334663164636433383963623464633135323835646134613933333531633435
32356437396434626439346339393134383536393337626135663231326234376231633835393033
35643264336530663434393330383033636530623463323838666330636638346263633263373735
63643861646433666462663639356365353138623137396466323335656665313739323439373965
62376439316262343462316133383132393630313265633764663165336636613862643637303964
62323630633730336238323262373733616633313834303564663265396233303839663463633230
38396431383462633630636263313332663431303765626361353039633336346435663137316434
65306563333932356438653334636136393962306431336331626233326262316266306466343937
39396339353865663065623433633430613763613662306565333239663262633566363430623763
35633237303836663864663732646162313435393665613165616265383866623761636338616234
65393438363834393538396663363961346363353766326337666566616666663837353066386436
30306336643330353035373565303566366236643434396130393231336333353536366264393665
38356137373635656662323135346362316130653437666537646634663237613737306364343464
66343532343065656163316334333534643561633263313466613632353833353362336432386563
38323037383162373931613137336561656533313562383835313064626535333861366235626633
30343666383230643539623931356239643333363932383238653862383166366632336363633863
30346436376465373932323937346464343263363766653962363934313032323164616364613932
65313536373662306630323933333063303230373631303861393636313761393431393262616263
62313561303265353866636536646463343735353331333632396539353236393961663734643433
31633934646263623566303663346664656164626661383063393538343239316230393330343132
61636561393465663230323033373838346530653362396634653131356130613337346235336131
39393031303866383236376566613761306430633036326538303132363462353365316335636239
31333632333032363862383635323339316534306533646431306637396336393564336131643733
32303637633134336236633466666433366238636263636131636235346332626639363233326635
65363935383661323065633962373766663834646663393430303136623535323565643330343966
63306637353235383030346330383035353230663831336436336137353630366561373165333364
31373065373138656238346364646266333433326131656461393439366464376130386439363430
65343161613438373865303937326538613564636235336338633731636539376161336634303331
38666266346135343861343238306532373665383332356539366638333335643265633730643466
33653266383030356238303934353065376662363435363564633163613930353230363262303264
31643732623035663836333337623862623866633466653066393737363265346661396638373165
33666634623266626266383936393537643266643766303962373739653930663363316631363361
34613131363137343736626164393435356565363630333936386164653730666639616637393430
36653336643134633062346230323437613161306136616533623661633861303966386134633137
34326638643564633235306261313938666566633734636665663532366239366238313739303136
64353631626165616564306634356431326635376134356637653236363730633261306332653933
61316363343235346232653264643562363536326664653331636566353962313432666466373866
31366463366339373764376265346631366464383135303862326463373766383633333537343331
65313363643166643030643262643032353862323635316561353735653239666266366666383061
62613838303938633062346366626632383066396333383633353036363834376463393831313666
66636564343464343064343136333765323432386262616266663136343963303335356637356436
63366439393866303439366631323561653939393433326235616232343362373039336165623631
61623666366361343136646638613064303236373034653464653638326263653233656537326532
34653839343263313563633033363432356261643731633364396535613935336364623031316361
34616661626161383935386362326339343665303338366336646462366233356561623336393030
31363966393337373131313838643061643837313137613865363038326161396366383765613462
30623831653064316362386634666463626536396430616630353062303337636136656362636639
33343534306464656232386133333663646630663662366164363935386362383135613137373839
39383331356366656130656331313039303762656466666161656361616262636131306235386564
36313330393131303936323933303537316638333366663631373537303261316132316431666232
38306631376665343633303438303032343434323736646531643631653338366361636530316637
39393364613063353934313436373830623931363938666566353336333762623230306238643962
36313839623766653763333063346535366661316338363835653466333438343234666635333861
63313561303362623964373665336232633064386362363832663165393330353366623437646430
38313331346463343761653434383135356661653665396132373761633433356435626638613762
63373964616565333832626165316632383565313937316134633630386363373530303439373563
38616132373038623439366162356661326332643134623639343764366530323364316531366662
30333337343162353765653930336164386635343532623766663063373364616538376366313064
35656561653330333831373634636464666335303537333731623135343366643664323835326530
64353034656462343562613064363630663831393632323465303035653264353833383239343762
33613431383634616531366661616634663433343163663232353562663333373566303664633637
38303238613762663563363831643430396233383762653739323864396537366634373039623339
35366134393537643939356437666537656561626133313961343732336436363765316130633735
62636535316439623431313932343338666336663461643330633533343366396237303236343933
35623434313735623231373236303665653336626366663737613366636638313264633365323663
33363362386463616539343831636437396562333965616533666265383263656130383937666433
31363135386338313733346663666365333465386439653164633430653436313164396131366639
65663131366162356366303535383636643363326266373530643237336537623162653066343538
64636333633964373361306164636632393562363462353534303265323135343335373562353363
30313836626537623236353664643463633236383638353631663432333032613365303630376331
33613131366563636237356463316666336530366162326138656161373434333438313261616134
30386238323465346238373264313239376137643038393438323939383536383134626538346464
34343739653963313531353739333735633934666664373632613764313331386366653832383636
38313932623434353136616434613662343735313262653033363137663034653935313038643964
61396336643232353764386335383630376531346364623632353334653936396637613164313033
64353139313038306631616666303536336631363137333838626639313234326561666638333738
30323962646436656565376432343661396433376562616664653038326631356438383663343233
61633763653161303563383431313631653032316334666565343931396663366530363630626539
63616461336364623130353861366564306633386261383637373362336436643135353266663239
35353636353831636465643065333732616664326363313337363032316339313961643466353433
62346564333461343065316239356432343935393935633538303164306230323263326564386461
30626638373266656338666462303564303537353663336436393931396138643033623166343661
34636634353564343130356563653330326635386561656531356638633766323635623034383537
33393062396139336461373263396261353164353733353233626234626130393335373236616532
65363463353636633635313939666666343332366637353065313863336565616633323062383131
34643139303532636531346563616166626139656130373661353232393739356266353236643233
63643963333764326638386136393461623063653137656236346337306564336262373031633237
38356464353836383164313031643534666166643139333764326134373864646435363331376139
39386231376137346133356366396361613137663130323536336631663832376630653637316233
31366538303539643663623137303136306564646133383362363864626436306435333230653534
62643936343534663438356136383239636137363531633338623237643164623832346363373733
37663335333733666234323539643461363430666538386164363765616638616134353532313636
64326130666264373535326266636365613135303630616236313839633163663630396330636236
36336238393730303961666131323239663031333933356239663032383936373833353765396339
366664386462653864343937396335326633
