$ANSIBLE_VAULT;1.1;AES256
33386363663632303533346234616238663033633763363835666437623835376638316334393938
6335353637333261613134306332373934396630323231390a363632356266313062366564336632
31653733323965373364396439333834323831613930356233396335353063353535366230363664
6463613362393939620a323735323065386430373137623534366430323165326462616532366366
61353561653433346533333635613138373438376336383231386237373434653938373065336539
30643539656230383461663230356661316332306136643334646161396338656361356335336439
66346234613664303861363732336566316439336536643633366265623136386130623636353563
33363132373839346166636163656436376232613163666235333962316266383162303563373361
66666332303538316561653336333437613032643735396666366366393439613761656362646335
63323066643737366335626539336434366230653362323863613964653462353633313530366236
66323633386638373032316662316236316132303139366633656238353866393165373132336562
64343238346535396333343764303562306633616265393932646665636632356431646437343735
64386438653366366333336132346564663664646164333763363031393236323734303463303937
62633336396138383461633236623031306638326632653736336461306563646363343561363430
35393436633134346261396361373131646631396565373764613536363861396239363736643330
33666632303561393461336465343131626561653738613730323865363333333638336238326635
66643063323739666461323631323064623766383961303133333461623333613933643331386332
63626537623331383163376565616631316332656333333265356465333737303233336636653662
30646564396462376337653661353739623033396339373738336533623064653736643433333761
66626562313432303437373466633130373436346464633434666335333738373263653333646135
63346631366138646333336664303361643364306439623866393939623764383733323665396166
34363564363634353061393864636666626139623962373838626330653363306539373137333865
33666461626666346339313634323731376362396366376166323838666461303431636135396635
39613266646662336631373630373561356464653130393264653361376639313933383130366236
34366534396235303336626165646536386164616639376233646437366139626437346233623265
38376330373365323530666538313533333937633134383564376138346361336434646230613261
64336530333762643263663730633661396237623530643330376438313562313562363738653332
35383236346462303932633966633465303239343138316164336139636630666132633133306138
31336364373231323362356630366639313339353231626134393132366539656635373863343638
30343237306534356435313533353761663733323661653566306331656265613461653031643730
33653734643032343630303739353461303862383533613638663165646361363765363764363261
34333232333565643332306363383261353035623131316331333332636261643466636438366164
34323437643566356136323962363039333635336663316432643137656263313134383864323232
66396438303161306430623865333065383139616639623036346630316165633661316539663132
31303463653530663862366262366639343365316239353663626132623565343237346535626464
32343765623664643535373137393931356633386236333965663030356539316264393938346365
33663361306239643965663031383739323762313564613536396637666436386437343735363563
62623935303535636163643035333064316164666431346364663835343561613539656362363130
35623165613736353836383563376635353764326438376539393938336266653862613663336430
62663366383031333138656463626436653430623334373762636265616136363364626230653066
33326165353432383863383666383064313334376239373633633266646435613432363136613165
34313864373162386563636635356532656335393462666365323433656237303338656431626530
34656633393236336635636365646138333465646636333339616136336339383638336534316235
66346165323963656362303430373737666638346331636238303261626336653666643634393335
62666233393235353835336164386538633535653434666563306335313862346335373034383830
38643439396261333463343963376133393831373261363761656438326131656637633266386237
31643037636565373834393365633432333537383539336231303530666633623162313433633831
66356130633437396463383065333935646636626235636665373262643234316262383532633630
64626565373365666538326264396632643465656364366535373133356162313261663439636231
37323535663931363735353935393439323730336639386433323163623466323438376661633535
30633637333266306264323032343233306163393262326636653032646236626330343463343466
33356366666362303435303665353033353664333762303832396466383234663163646430363466
34666532386639646330386563396436343039363061613466633738636638636130383838313163
66636633363237303332643264366330643766343061326333343361306466393333663665623838
36643638623162316566383936386362623033636363663332343363373764323662336164666433
39386164333936303738316465396566333631326565396365636564643562623431366537626331
35653165313235636338313139613764393439303835353163346439363862353063646161653866
30373732633938353963376365666265626637313530616339313136313335396438313135626466
35623265313063326232326337366461353430356266323562306537333938663933316234623936
63663931653533386665356633356166323731316163366532373035663233356465336431613932
38643465393331653065623863373335656130376131613863393539666136393730356339646133
62646538353939383738333031303339343862626135346162326430633734356531373066333133
39646161336163646535613835333464613264663964383835386461646331313231393630646637
38316262306263306337363866646331313061316134353132633435656536373161333632643735
63333866386466666162386435383834613234623235633733363334386539393465613232623665
30356131303064353835316439633438346131633537616166346163346462616262353033363633
35323731656335623664313831393534653237613737646466386334386163636337623463343831
38376165316134653335363635393038396331313430396132386561363866303635386665346264
37646434656462623661326162626634366337643130313835373137643165323565636465313361
39303631613637366234616133316461376461326330363762393566663037663638663530646632
64653238383465633333633031616534663038653164323338383163353235653065623963306335
63613537313032396462666430643965623937653661346538623434306465383632616662373036
35346531636638386339333765646665643765353832383464303539656632363939303639343762
33633664663139316535383333626630353731313238303938393865323833343962306334383938
35386239303837333938383661666135396237666266643137393434663035376166343632303337
30623363356431653462313332306230663037373939393364336531666430633666396230613562
64613066333466663030386666313034666539613738353165306137613462303965383363616664
35393039316332623561643936666436393138373835326365363263306239333164396135346337
36386239613537346531653231323235653839393566336431646635383461623032626137323332
37366563323538396233366233376230353431633033613333353938616636613332393261353565
34643934373136393233663464396439373366353339656634636434323463343533663136653363
62333563323961386166366234313034376633376663343033336662373932343233386131363762
34363965343263613636323334643565393833323262666534613865393935313931393763663533
37613433343964366237663436646566383533643034326436656163313365366161363739373262
62616332363930643737393663306333663935303232326661646562653335353066646362653431
36636363613339393466316161353638626138396365393664663532626136636136306163336665
62343238663839393736663862613531663661353033633133616232376139616239366364316530
64306162306265666137316466376137343363666533313564393963323130386633396639313764
36336332356365666435333461623861373836396432653939313632613264626331363830393230
62383632643466366537363461636238373235343237666539613033623139316362343038393531
35623530623162313734343262623639376464323362646562363631363161383864313835636561
32613366636535376135656436613466326336346539346138303166623163636537653562353261
64656438663464646264663930383339303435363838636262363066306130623632393534633632
30363966393533393233343462653831373566336230313134326464616433393234376538623834
61373739646166323635633761656534393635656435646132336436353461666532343564336337
66333936396162383739396135396630653739346561306638383931303566333038376430343833
38326163646437653532383434666466313832643966313831356632613934633033373732376130
36306536356161393436663636663164323833356332313733313337336332356666333163343531
39643163626565633835363139363762613835656438613138643533366431306565613530353534
65303532643236636335336535306264343062653330653665386362333766353134383130336431
38643831663733613336633635616132396465373530333434663431366134376339353236643938
34633963613135653464376432386436346363333966373534316137613435356661633163633038
62373832623438373032396639633033653964306232326361666437616435643037393836346463
38376262306435333632313932653361663837663935653630656464333537643431643634333838
64636432323638656666626136323738383531653532613664386331326562643732623230643465
33303063353336386535633633633536363866653137356231303331366364666464653861663236
38653534356432643330383034633863613631346663356563353061663761666562633662336131
63313238636534646334363238353739666565646238393165366262333039363966383964343764
34353432303534653465663836333764333130383337353361656565376131313466353932393338
63643639343332373437396334373361386562643738636266653031353261336635306633383663
66396236303134386633353365633730353436303833343637323434333161666663323861636231
34356132626564633532393830316231646431313335663666383832656334363031623732643337
31613363643837613862623533626432323639636362303831383930346438666264663366313036
38383666623033313835373733643737376163373331613462653962383166343961653632306331
31646161353064386265366365336261393438616438326138663833396237636334373833623566
32313462393230323163336238666631663361353866336532326435303330643665363761316531
61366237353364663234303361383964616437653833656234303131666566636364623130643239
35336231623166363232626339643532646235343230303037656132323463333362303730633265
65643632346163343034353266346562313230373136626136346664383632353362653036386230
36643263356361306132313733333831316336666536663065633135633061623234313933353038
31383235383939386534353962326633623234323664373230616533303766663935373365343333
31633739626336613463636331383162386365323666383335666637363535646533326339623931
65313031633536393062363834343763343364623236613030313932343333363936326137303434
66393734323130663137636637653632336566366133393661366336646236353961613761303137
61626537316636613638616633316636646335356165313066303833653063306638363165333234
63393135363566663830306165623532316466353439663434386136373037656631633961623139
64373230393463613932373039363236633737646131323930386338333065383165633761343431
63653930346434393064396331653733353763663063633135343364306634663737666331636238
36383436313234306435333261393230626134616332303636656163346138323661356435346662
36613835393363633366373733663339393035613966383232633762623731616462616135393136
39363538313565623162663932646231613765393463646263633732306631303339653139373763
36336662373435666131363234666537326338653230393464393835326535646233356530303162
36373131646263333738623636396262356462663838306231343539633333633736363733376331
35663061343235333938373265323434366535636564643665653332356437353234646165623437
396666383466613263363834393637396366
