$ANSIBLE_VAULT;1.1;AES256
32643166323337323939653031326137383437343031656236633433653735653630653761336536
3565336232383937396665376165393164313036336561660a656432653230306566363336636264
39323330613365366465623335343036366336656635353965636238353565633434353630313930
3866653461653033630a353335326165663366653130366630333431353838633336343633663065
37623230613935316339373262666463306635613335336364366338663035376239303763643261
32643663376433333166363566333833656332343732306664653531386334666437333030323130
62636134363030363039363961326266643263303161333062623966306433356332313832613934
66643961313261353364353737643863356664373535646234353561353364663933393739383566
37623339336366623162643137663638323532326633333266326263663163633030643632333932
38623464663962396131393931306565353339663035326238313162623861646230376530383762
31633262303833346565326630393031646237626634383639663535646532383963623138393166
37613562623133653438613764326565373165356535393830623962323238356232626363633238
36323733663761626533393033326432643462373865613334656435633665306236326638323663
66666465396535623130393265316332383066383837653135313837383332396534656239333561
36303636666163353963623232373037643739383634646335353739373732633261346665396232
62616235343739636238376236616135653964386565616664646235343938386365316139393636
33616436353531626330383532316439303636373863643661393037386335326535323765396661
39383863373561343062343933666537303062626234653431393862656339366430623161393161
36396562386263663739636230383864623334613335663961626536623836643532393030366535
34373465396335616463626238306265356361373232666232656133633036353262393264306262
39623032633937336335376361626265643066303666623834366235643438633739646665343063
36653935666532336139653762663466373332626535396334383962626336623531313861346431
30636238613033383832363032333564633431623464316563323836646233393061643938333430
34343037633630383363346466326530626133393061653938393434316632336435346538666165
66383830353335326138343130336434643538313034393535333463353363383361323263393438
64336632393136393436376630633662666433383637306564363463326563363963366562343663
33343531343662303136333333663231306130313663356566636237336635333565336261366662
31613236323265303333373561393364616535646165653663356635386264323961346538653266
64633330323731333832323333663930316136643663323439313737656634373465343937396237
66666536663135303238383837633764643339373335653631353734366538313436323461323961
65323235663535316163656665653337336231303330373136353565653934633739383339393566
37343164633964393937633265313639336132613563646534316663393430323038633831663734
36303763666239343730613338646365343562343566373030646630613032303032313532613631
39363733643137643233646266653630373834303963343435663662383039303435306235393832
38613235623632626136316235633431376632613838313761373334623263653164326366373963
62376663353730353164346130643063643437663132633634333563313466636162623132323432
39346663613733656262373435323035613338616665383962376236343565663564373130363832
35646237316531653438386665376632303163616231333838376666353935326638643464663330
65623933363365643866646336326162643034316338313836356666306663643933343237633132
38383232633831613263353165643139646363613032343231316531323066363462343231663363
33333236336233613439633935313563626135666163326366313765386138383338306364363930
38336332663131346464393731336166306230366363363037636535616131643463666138343936
36616231373334346532303236393633663032343365666332633031666635653635663231303061
38313966383131393338386236613334363666346637383062616466373336613065343737336133
62316333303931303836373737656635316265333365656139666536336538636663353230383762
33356133353666656437643236376535663135363666396337383362386336333630623831343566
32383834633332366337623165383737346336616335366265343930373663356365373437633430
37313635336333316338316536383933626335316462383135383065366139366535363035643037
64366534323066383237323335613366343262336564383535623666343130343232386135343565
66326431646664353066393137343336326338663761663134343364326332636233363836316433
62343936373531333234636166353338333661613034623737393138643136396236663634383862
33663532326634353731613830386637363939393162313533666265626235626330633035393362
36336336366331653461636633626236343230663837363462383036653835393831306365383231
31303430636333333034353738346333626639646230383366656235383533393132366138323531
66616361396135386332633936636634386561373865333437323337643463633866393231383061
65386634613632356139343266316231646438393834363936336563646136363066333834386336
61666466323964626138363161336230663938633830666262386435383838323866623264323866
65303461313463353061643231656266333365393032366232643536353963366634333664353535
31393831633733626465663837333239353261633031343433643561323834663964306664646266
39343039393365306666356238366134643861346462333838613963386365646637313938613139
37356236306138646636376239386133343065303332323836366363626662653239653065613435
63653730363363326437313666333235613865396162376263313433303131393366346133303035
62623338643033646161333137643537623432343435333431396333633063323266383336393962
30366635623764353138623461323634343235363761613763393631643561653232643263633238
35303566636634343635636465613035626130393662336265386664353263333065303466643335
39346562313332633237306135323761373461343539306233386132316432363032333666326636
33363235383737343363383563613330383531383663376234396432653831613037323436396534
38623834306131333465333465633633303336373639636661626239623865663132336437313666
34336663373838346439663166626563626630386366313762616436663163393239343133646535
34393063626161643332323034386263623162383232303366353766616463303930373637633034
65376633616237303833653362363866646663626239353164656266666336333135363536356366
35666530656561643565343661653663363734616466333863663738656130643265653230613535
38326162373564386137313035636664643032643763633362613731333864346165336335666163
39366438346234303966633664373164316364303932373161623965653064396466646639303638
38323864323761373934353662663964303134393330643539366562383638323133323333656166
64646331323238643363653334306132663331323830383561646133633131636561303437323133
35666437343730663165316533306666393263326662333138363333343562653762343539386461
63643332343339623564643830356632396664633034636633383362356663333339306633386436
36333338386431363866623436633339636231626138343132626563613033313063306137333165
33353539323235363463366263633634363665613139643532383635303031353032306465656634
36613762666165346463643437313030343431636632653933303639656435303166343433623531
36336339373931636461323836313962306639623934316238656562613436313939356637303362
65646231306338643533333532343062343164303237646139343765663139323938633563373962
61343661306666333934613332613230323330633332666239313030613666646236653936313830
33353839336132663461303939306464313664393737336162623662323538663564616566303730
66386135623730373563636266383139613539633261326566396330353166356438343361306133
33623861653830353831326634653535623034306436356661323463356238303130636132323362
35623262376132656636363336643964323831356532363462333537303462343431626432616234
66653537623061396538623563316532373533613264383937303166323964616162623532623533
39373639393138633964326463343236376239613163373339636135316232313562623930616161
65313837653931326566366234623337653662326336366364373863383734663563646631653437
66666561376232663736633038373936303031323430356330356365323361363334613261363466
37386165376465343262653636346136323835633462363962373837633138613766366137383432
66636333656633613361343630333335323632643036656265393333663035646236303966623463
31303839626536633833346662626232646130386439666238336337646465623064306330366231
35613935396239356338343333646362383639663265353638373635333564323064303430376562
39356461623639303836383436666431663032316665383161376361396134303433613466626539
64363166653961333062396662396131343338623864343465326162633338353432336264613536
37313431666332303037336664666130626336373336343565326339636230623231343236633337
61313166323061363438376461326361323664643134396562383031333730353965313638393130
36343333613736356432393165623731343037303239633138646466363530333766663066656336
63383335653332656237666666353233313261383235356432316335306336363265643636363736
34653239333239653664373235616636383432373038333665336438306330626461386234613234
30326361633533656461373239653166363338323736396439396564326233653337363764303630
30656137336336663362353539396463656632356332373063336462346232346661393033373661
62646332326163353834656662386134313635393864643461373739663631653765623733313935
64383936613464666435363630313866303733636162306639393164316136306162373436643431
31376435333339643830623164313939386165306335393434326531653437396536343439323064
37613763323137346563626164303338316463626636393736303535666130386262613934336133
33643433373935663462393562336164313663666232303366303561383461306432356365636634
61633335313835626236343836313636386462386538366338343562386265336431653766353365
34343931623530386438333565336534326364613537373631366533613333656264333630653162
37636139306266306631643233353932336637363134663039343461613930636236373165386631
35363539353066376563313366666366333363343263383164663265376562633966633736663038
63323937393731386263356630626264323630346232646137303462303866616137373261343531
66313034343838373039303032306634303262376231666336396431306535333966643165336664
31366334356531303130383833363364363630366438623331303066356261316430356235303866
32393761333531393834306334633461393939653133323732636363386435323731613966616234
36326339343936656135313735353661326430316537383035643033643732326438383765646666
62316164653237356638356433643563666335633261636661383535396435353763376361656561
65316430623163616136393865303861386436326639613236363633303132323866373232626361
65643236653265333831646364646331366337623161613664643365663536626265643664366436
37306662646664656238613165353232633730653631363439333432353831393834343837613662
30666137636132333738396665646562303161366463626135646162346566306263366630386634
37656231346662626535383731626566663361303164313562626262643661363438336137623264
64643437376238366135663537323235393633663830656362626432353331636464613731313263
63626233396534303539333365656637366534343832313233633864366466643761366463356331
34303932363466643062643430666232343530623962666435313666333366366237356537393366
30643663346565633136663565343561653837663433313637343864363166323232336563633832
32303963656538666163626231383433613133343534613334343333626331336234333938663332
61633333613862303930313063396162626237613564366262623461383662323936343434346561
38656565326130346438643165326261383435643562643931336232346161333235663561383265
66376331343438393432663331306638386665316131323133333038643638323436323934616531
62316466333430326430653730333033633637343866366164386266323466356135646361366131
316665336332366234363163666632663339
