$ANSIBLE_VAULT;1.1;AES256
64376230373630383336376261386533633062326561643637346432616265626161363539643635
3233386562333438663133613630653832326538343535340a363032363365343235386162383331
39643536396461313336306231316534623732333235353139323263623864353161323234653939
3830346131303835660a663866666666373563386635336531386461656566383930613233383865
64333261636663333261366634666338343735663363633063643863383264366666636630613737
62663166383038336134353137633665373735333633623862383065383930373462303061666433
63373562386239323263663461396630623037623165636231623061373830356531343766346431
33633431653337323866353138663232643264636531306132626132323935623133383139343336
35363065303435646535636132333231623261383739626538333830616163663165363965303238
61353562396136616334633139663334336561656537333239326231616439313632633364373437
37623063306338313938653362316239313234623764393232383833356164316566623731643131
32643761636636306465356537633732616434373032373937303061356236656232653934383835
64323539353962376231346531383865383731373165626538646631636230393939646436346636
31646136653963653533633634623730333966393863363762306538666331383464316538356162
32666536316361363834633363646361353665316437393462653535623634643336346461663137
38346537396633376536393165646135363866303730636439653535396231373565373634333736
39326166363862343239323361376263313137383833386439383534306661393765623834313633
62313564386332626631616662313466366332663663383439663136613765663432366638303432
34363461356637336562373639303339666135646130643061326536626531356438333936316261
64626232383936373766333730636665643439643862666562643431316230656538333435643436
65653435333333633035313334396235326536636666613164373666353261353763373166396632
32346661616232623335373062613531613061626463383839346663383136663365666235346633
36326332376264346534623833343331316463356436633464653938633033313731356362366335
32616434333730366331
