$ANSIBLE_VAULT;1.1;AES256
35646239616666393239616165636430396331346330643937353666343063633734356566656438
3032643334306437653138333537613264616338323261660a626234616330366662393639666332
64663331373633663936393032356362376366623963663265376366623632396233656463653362
3133386466396134610a376431333531393934386334343439613035653633656438656462343234
33326638663139303435313639623365653731323038663436666236666562326635353534313933
63666531663162393562616136373235376636373265663265343539666663363835356166326537
65323263313638666630653639656561306639376434303364386563396438323839393932336239
35363431653230623536356230623333623430316561373237383764663039366161356464343765
63623830666539313133623464653864653837306330666665636162626133373834633830346236
65613535363637303463353265383638343264663265376435636162393435336536313431366364
36623764316664643964356361336331313037666632383634656265373533303436626561613531
61336465363562386565306339343162333431303262643632336236623238636133383237376134
61363637623966333334343734303235333731306264356563386434326561373835363630633932
65313837346233613330366464396130636561383263653531353364316435333565376430356435
34353632616263636261343838326465336561643333366661346135663137626264366539316361
65353164366330626438666235343439623866633132303833666239656133303365313161626237
62613365346264303063396331393833333637633838623434393230643838326330343833653234
32373230313262333332323830313832616638656130623338666261313430623762616164643539
31653339633333323330316537363630363833323835323839386566613365633837363933616165
63303937393766346634633065633563663263383864383435616335346161613363633435656166
39646361326163343563623364653363386439633637303334343437653532303166323238653437
31313530633365326530323563613065373033613633343066393730663633623932366364653865
31663831613064366333373461653731363037373138366261343962366564363236386432323734
39386332643164336661
