$ANSIBLE_VAULT;1.1;AES256
33353835366662633137353161303539396133646537613632393637333166373438626634376434
3033643263643534353938343530306466333937356233660a316166623932363965643332363539
33386165656566653136636234383835626264663831656237333462303865663839343434393731
3661303434363231650a623931306634376533383931393264343930363462333562636162633239
64613735656536663933383531353965653737303861313164323437373938306634356365643635
38373431643831633764356466393763613938653866353330396130353139353931303565306562
34623634613035303665383439303762323235663563366463623535346661383437343861366261
63396137343736636238633337633663326463613962353936623938363138316432626538323832
62616130303663616437616639623032393865616239376263316339623736623939363966393666
61353136333565646261636264313834663335303835303335346663366264386166366266373539
37306161346432646430633035366266666461373833333163363036383135626232633664643936
33323833323330386562373733313364643131643263323562346162646565616365633836356663
32643532656534623831663833623835633139623562383739326332343636613139623035303762
65396235646532313930303330383864653739316132613534646362636361616232376563646266
32313362333733643330333133623230633239363038656130326234306366313437323265313837
33383230383366663735
