$ANSIBLE_VAULT;1.1;AES256
31326366393266666532666530373330326231383462363235643537653038313664656338383435
3164383562303639636333316135393230343561646236390a373864653066353264383562376264
35646133663938623732303062653262653366393735356262323064656532326563336439326630
6333663231356331660a663365666239353037346237323564646539646534353966616537646564
38363866313630613737616264336562333965633230366262666439623661313536366531346535
31653466613236626266366532656561326666626238646634323430386535316237343863363338
32383033343165313232386165643237306565393938346137333537343734303137356536356534
66346461373837373738323261323635393031363937336639623334616636653961373164353436
36383333613963663935643662646362333633306430623439366239386462386366336461643038
39326339303834316537643135633234623733653737643838636561643361303965353839393932
62643233646261373932393834633536663830353965356266353430363662363936333633383164
62366436316634333432623564336334373234653038663337643434633439353037356561393432
34346465663532306662313366323533333239353765306439386634343765323933333562376634
3361373933666263313466623966616462666430663964356564
