$ANSIBLE_VAULT;1.1;AES256
62623037316233353462323863333339306430336530346339323662343362646362346430346332
6631613363636466633136656537356239343639613335340a306463303166646265326633613165
36613439326266303939363731353039633138303264313736333736633465333230386162623863
3761323561626639300a613965303663646539363438646134366136303861323434323331326365
38663930323831646132383933313966383038363439383466386465333037366635343633313338
62363437303861356262353035316231656331646462303137363331363266393438353136633165
34613931366265326630396134626330663131303565356135336465663362623366336436376263
66363035663732313463353266396331613637306139616266643765623332656461316465633233
37623438323134343966323233623836346665386131366339333136663236373266333037316533
38666237363636376565346536376162333630393233323765393539643663656638633936656238
38383464376338313436313265343137636337326661666239373836643532616430653934303334
64613833306262363535326266613330386633313461396261323734363735653931636162393534
61363637383138386234386439653535366239626535353633343661396266393436363534303761
3938366663386539633765663335376238306232363032333639
