$ANSIBLE_VAULT;1.1;AES256
66646131323935643636373865356336333765306438383530633062633139653034653130643861
6362373165373834326439356563663537363938663039370a663965346337353131323335623231
36323963653339646166623634343761363734363539303833663064353762303666626436383034
3265306662353566380a353339383664303261303062363530633431336663656536623963653664
37646133313664396362313239343538323865633061333461373035343232393231626266326565
30343861353233303362353462383637316361313630653239653138366563393161306635633138
39613964336631343865343935346261353237623563613237623437306332643238363062366562
39303964616364376131663865303735333239383265386431343730356130653935613738633538
38636366613236643337373736386330666434346139373335313639373965376535313833363635
34663761316637643834353039363230616238396238383632663034623034326261373164613364
61303930666364663163376132386165393737633964353531313439356431336634613330313561
38313638623965646239323139353634393166393734313466316235646462356432326532336465
66303330383530653739373833323938613364303763663362303737313134643166613835353138
66613539633331306232613364306435653231646436363066306166336564383463333639353463
65383339646462663438366237346666366338633561346432376365636166623431366235663766
62346135623432323033633933653362396435363638393532306430386630613536313963613932
32643836636439353362643437306164326537626532353536613631626464306431353639313435
64386366336433323330636131393533663231633266636235363836313462326566383136353262
36393437386566386439323939313662336138393137373639306535653639376432363062383461
30626361326131393635313536656333643730363630333934323063326437643766613530646565
61386266646163363664366166653133333930383632363236636337376338336335343336646664
63336436313737646334323238303765393965396639343330333564333061396137613665326663
66303039383531393736333266366463643039373435623036666362323731333735346230653865
36306565363838653135
